Q1: 0.92525 Tm
Q2: -0.617231 Tm
ED1: -18.874kV/cm
MD: 0.677235 Tm
ED2: -18.874kV/cm
Q3: -0.42161 Tm
Q4: 0.543485 Tm
